-8.686278760433197021e-02 -5.481476895511150360e-03 1.406184455845504999e-04 1.078791078180074692e-02
-2.100047469139099121e-02 -1.200923812575638294e-03 -4.340922087430953979e-02 6.356425583362579346e-02
5.771877244114875793e-02 1.939923912286758423e-01 1.251516491174697876e-01 2.462522685527801514e-01
1.547405961900949478e-02 -5.488379299640655518e-02 4.603999108076095581e-02 -5.672158300876617432e-02
-2.257201075553894043e-01 -3.604927062988281250e-01 -4.013247787952423096e-02 -2.829446792602539062e-01
9.525654464960098267e-02 -1.865316182374954224e-01 3.085756301879882812e-01 -9.202317893505096436e-02
-4.115540087223052979e-01 -4.701468050479888916e-01 -5.537303686141967773e-01 -5.689051151275634766e-01
2.311766743659973145e-01 2.275433540344238281e-01 2.307892441749572754e-01 2.291374802589416504e-01
3.397111296653747559e-01 1.165792346000671387e-01 4.046088457107543945e-01 5.762176960706710815e-02
-1.733894050121307373e-01 -1.974438428878784180e-01 -3.377518355846405029e-01 -4.219548702239990234e-01
6.366267055273056030e-02 4.149584099650382996e-02 1.385453343391418457e-01 -5.223798006772994995e-02
-1.415165811777114868e-01 2.088082022964954376e-03 -1.865845918655395508e-01 -4.412950947880744934e-02
2.958242967724800110e-02 -3.143254667520523071e-02 -1.759710162878036499e-02 -2.310360036790370941e-02
-6.379964947700500488e-02 -4.087752997875213623e-01 -8.859980106353759766e-02 -1.996394693851470947e-01
2.198878675699234009e-01 -1.474981475621461868e-02 -1.460751295089721680e-01 -1.044572517275810242e-01
-2.881145775318145752e-01 -4.141581058502197266e-02 5.319125950336456299e-03 4.119343683123588562e-02
-5.250633880496025085e-02 2.450084500014781952e-02 -6.785471737384796143e-02 -2.867968007922172546e-02
3.412685170769691467e-02 -1.821492984890937805e-02 1.638811081647872925e-02 -6.916106492280960083e-02
-8.157354593276977539e-01 -3.731537163257598877e-01 -7.302336096763610840e-01 -5.083445906639099121e-01
5.838515982031822205e-02 7.680333685129880905e-03 -9.225487709045410156e-03 5.888865794986486435e-03
-1.699960231781005859e-01 -2.000925540924072266e-01 -4.369054920971393585e-03 -6.061794981360435486e-02
-3.912113234400749207e-02 -3.517931327223777771e-02 -6.193045154213905334e-02 -2.555619552731513977e-02
-1.350934952497482300e-01 7.106798142194747925e-02 6.017910689115524292e-02 1.085273399949073792e-01
-7.549467682838439941e-02 4.108764231204986572e-02 5.219556391239166260e-02 -5.146688595414161682e-02
1.409783363342285156e-01 1.803808100521564484e-02 6.626577675342559814e-02 1.672464050352573395e-02
4.618418961763381958e-02 -4.299141466617584229e-02 -6.348074879497289658e-03 -4.194585978984832764e-02
-1.641592830419540405e-01 -1.642501056194305420e-01 -1.654836088418960571e-01 -1.656481474637985229e-01
-2.456596046686172485e-01 -2.835996150970458984e-01 3.623243048787117004e-02 -2.041521370410919189e-01
2.725225389003753662e-01 1.110902428627014160e-01 1.396340131759643555e-01 3.936789464205503464e-03
1.332960426807403564e-01 9.500534273684024811e-03 -6.127610802650451660e-02 -2.139628166332840919e-03
-8.590816706418991089e-02 3.830320239067077637e-01 2.345226556062698364e-01 7.216400504112243652e-01
2.027840726077556610e-02 -1.760043650865554810e-01 -1.750740557909011841e-01 -2.076308429241180420e-02
-6.358160078525543213e-02 -4.064023122191429138e-02 -1.521120034158229828e-02 -6.243051588535308838e-02
1.880957484245300293e-01 -2.603139355778694153e-02 1.376331895589828491e-01 1.989633776247501373e-02
-1.474064439535140991e-01 -1.238444373011589050e-01 -2.796058952808380127e-01 6.849315017461776733e-02
-5.946576222777366638e-02 2.675931155681610107e-01 4.626848101615905762e-01 -3.245783224701881409e-02
7.479118183255195618e-03 1.090160571038722992e-02 5.852529406547546387e-02 5.429385229945182800e-02
7.093507796525955200e-02 -1.077921129763126373e-02 -8.181905373930931091e-03 4.877424985170364380e-02
-5.478171631693840027e-02 -1.445928961038589478e-01 -1.378496587276458740e-01 9.412513673305511475e-02
4.582488164305686951e-02 4.322987794876098633e-02 6.891980022192001343e-02 4.168342426419258118e-02
-7.742719352245330811e-02 1.269253250211477280e-02 -2.285002544522285461e-02 3.874845802783966064e-02
6.315045524388551712e-03 -1.362378299236297607e-01 5.381013266742229462e-03 1.092323809862136841e-01
2.885979712009429932e-01 -7.050016522407531738e-02 2.112646400928497314e-01 -2.113725095987319946e-01
8.168123662471771240e-02 2.962333261966705322e-01 3.029544465243816376e-02 2.043141238391399384e-02
-4.683041572570800781e-02 8.995652198791503906e-02 -5.260628461837768555e-02 2.733758091926574707e-02
1.071478575468063354e-01 2.654845453798770905e-02 -1.087317541241645813e-01 -7.049541175365447998e-02
-3.284493088722229004e-02 6.376247853040695190e-02 -6.704693287611007690e-02 -5.606381967663764954e-02
-9.875988960266113281e-02 1.635643281042575836e-02 2.324263937771320343e-02 -7.641203701496124268e-02
-2.418502420186996460e-02 -1.245001852512359619e-01 -2.038735598325729370e-01 -1.380392257124185562e-02
6.460284590721130371e-01 2.724496722221374512e-01 1.426135003566741943e-01 -1.988001866266131401e-03
1.682021766901016235e-01 -1.609446704387664795e-01 1.671878397464752197e-01 -1.450830996036529541e-01
4.661475494503974915e-02 4.906482249498367310e-02 -6.967492401599884033e-02 4.995364695787429810e-03
-1.900036819279193878e-02 -2.313897386193275452e-02 -2.036690339446067810e-02 -2.185734920203685760e-02
-3.353050723671913147e-02 -8.664013445377349854e-02 -1.511363312602043152e-02 -6.652262806892395020e-02
-4.789268970489501953e-02 -9.523901157081127167e-03 2.332744561135768890e-02 -1.591955311596393585e-02
4.297384023666381836e-01 -2.278629392385482788e-01 1.445501763373613358e-02 1.623112410306930542e-01
3.927159681916236877e-02 9.253907203674316406e-02 4.993032664060592651e-02 -1.332689425908029079e-03
2.267181426286697388e-01 8.990263193845748901e-02 3.145710527896881104e-01 -1.972130686044692993e-02
3.725746572017669678e-01 4.024952948093414307e-01 3.716081678867340088e-01 4.008034467697143555e-01
-1.651453971862792969e-02 7.134920358657836914e-02 -1.164048910140991211e-02 -5.293677374720573425e-02
-1.005894318222999573e-02 -3.749680146574974060e-02 2.662786282598972321e-02 4.119359329342842102e-02
-2.700469642877578735e-02 6.114758551120758057e-02 -3.272528573870658875e-02 2.821951918303966522e-02
1.708466261625289917e-01 -1.673106551170349121e-01 2.142588049173355103e-02 -7.036997121758759022e-04
-2.472336441278457642e-01 -2.613587975502014160e-01 -2.527186274528503418e-01 -2.572229802608489990e-01
-8.158403635025024414e-02 -4.415322542190551758e-01 -1.145391818135976791e-02 -2.291796505451202393e-01
-1.665903627872467041e-01 -2.453866451978683472e-01 1.064132452011108398e-01 1.104888096451759338e-01
1.140583679080009460e-01 3.699658066034317017e-02 2.004604227840900421e-02 -1.198499812744557858e-03
-5.004933476448059082e-02 4.138401243835687637e-03 -1.749216765165328979e-02 5.942502617835998535e-02
-1.527980715036392212e-02 1.082695671357214451e-03 -1.620732946321368217e-03 1.140164094977080822e-03
-9.831731766462326050e-02 3.202854096889495850e-02 -1.513207703828811646e-01 -9.159636497497558594e-02
1.733940653502941132e-02 -8.486194536089897156e-03 -3.507481887936592102e-04 1.294845249503850937e-02
1.102446839213371277e-01 1.355786025524139404e-01 -4.793228209018707275e-02 6.138076260685920715e-02
3.092328086495399475e-02 -5.490082129836082458e-02 -4.088711459189653397e-03 2.769398875534534454e-02
-1.659495756030082703e-04 3.464963659644126892e-02 -1.431601494550704956e-02 2.492057532072067261e-02
-1.441186964511871338e-01 1.091293916106224060e-01 -3.089861199259757996e-02 2.112325429916381836e-01
2.388640306890010834e-02 -1.313365250825881958e-01 -2.547715418040752411e-02 1.015235856175422668e-01
4.278535954654216766e-03 -2.090135402977466583e-02 5.421482399106025696e-02 -1.731054298579692841e-02
6.785331368446350098e-01 8.860377073287963867e-01 7.615378499031066895e-01 9.822162389755249023e-01
6.870511919260025024e-02 1.960220336914062500e-01 1.757910847663879395e-01 4.864280298352241516e-02
5.641601085662841797e-01 5.486432313919067383e-01 5.837482213973999023e-01 5.409306287765502930e-01
5.605460405349731445e-01 2.989610135555267334e-01 5.673384070396423340e-01 2.677319943904876709e-01
7.077257335186004639e-02 2.069615274667739868e-01 4.749713465571403503e-02 6.811463832855224609e-02
-1.745473384857177734e+00 -2.091062545776367188e+00 -1.532783865928649902e+00 -2.031881093978881836e+00
3.331997990608215332e-02 3.381022438406944275e-02 -1.111087128520011902e-01 -2.323818020522594452e-02
3.934891521930694580e-02 -7.982344925403594971e-02 4.443967342376708984e-02 -1.022686529904603958e-02
-2.457118630409240723e-01 -8.661807328462600708e-02 -1.917943730950355530e-02 -2.240583114326000214e-02
-1.035800501704216003e-01 -1.795780658721923828e-01 -1.454831510782241821e-01 5.231538414955139160e-02
-9.856738895177841187e-02 5.661491677165031433e-02 -7.007228583097457886e-02 6.851787120103836060e-02
3.489876985549926758e-01 -1.038923859596252441e-01 5.002762079238891602e-01 -1.930753141641616821e-01
-3.183793127536773682e-01 1.441982295364141464e-02 -1.963942125439643860e-02 -4.543266817927360535e-02
5.676281079649925232e-02 2.136994898319244385e-02 -7.120379805564880371e-02 6.564904004335403442e-02
1.148862838745117188e-01 2.299777045845985413e-02 -2.601736923679709435e-03 -8.484460413455963135e-02
-2.094845175743103027e-01 -2.403468787670135498e-01 -1.992671340703964233e-01 -2.452771961688995361e-01
4.692914430052042007e-03 -1.163598224520683289e-01 1.422741170972585678e-02 -3.982025664299726486e-03
3.974583372473716736e-02 -9.846188873052597046e-02 4.765627905726432800e-03 -5.438602715730667114e-02
-4.924659803509712219e-02 -7.332899607717990875e-03 -1.466140802949666977e-02 6.307894363999366760e-03
6.164038926362991333e-02 -5.512952804565429688e-03 -2.544248290359973907e-02 -7.829772308468818665e-03
-6.339742541313171387e-01 -6.718900203704833984e-01 -6.325592994689941406e-01 -6.697189807891845703e-01
6.740187108516693115e-02 1.362462937831878662e-01 7.091112900525331497e-03 3.359648212790489197e-02
-8.638548254966735840e-01 -5.968253612518310547e-01 -4.279163777828216553e-01 -6.919080615043640137e-01
