-4.216649532318115234e-01
1.983087062835693359e+00
-3.942797183990478516e-01
-3.577287435531616211e+00
-2.350365072488784790e-01
-3.552907407283782959e-01
-3.677487373352050781e-01
-4.080300331115722656e+00
2.088258266448974609e+00
-3.955462872982025146e-01
-3.581989526748657227e+00
-6.576747894287109375e-01
-5.318714380264282227e-01
1.195669770240783691e+00
-1.521580696105957031e+00
-5.586980283260345459e-02
-1.915435791015625000e+00
-1.503181815147399902e+00
-2.191339969635009766e+00
-1.879448294639587402e-01
-4.227809309959411621e-01
-1.705795288085937500e+00
3.910668849945068359e+00
-2.021201103925704956e-01
-4.127094447612762451e-01
-1.841432094573974609e+00
3.233330011367797852e+00
-3.937813043594360352e-01
-6.975764036178588867e-01
-2.427098512649536133e+00
-8.019895553588867188e-01
-2.789345741271972656e+00
-1.261208057403564453e+00
-2.224500179290771484e-01
-1.419294178485870361e-01
-1.042513728141784668e+00
-8.901891112327575684e-01
-2.705904841423034668e-01
-1.278751730918884277e+00
-2.483792066574096680e+00
-2.636703848838806152e-01
-2.931712567806243896e-01
-2.490068972110748291e-01
-1.558384895324707031e+01
-1.530593514442443848e+00
-2.771956920623779297e-01
-2.237445563077926636e-01
-1.071711826324462891e+01
-2.218516170978546143e-01
-1.906240731477737427e-01
-6.264471411705017090e-01
-3.354108929634094238e-01
-3.387826442718505859e+00
-2.288342267274856567e-01
-1.665093064308166504e+00
-5.084692835807800293e-01
-1.863988935947418213e-01
-4.010355472564697266e+00
-1.523543000221252441e-01
-2.900430202484130859e+00
-9.897313266992568970e-02
-7.178049087524414062e-01
1.674298644065856934e+00
6.188844516873359680e-02
-1.438823103904724121e+00
-6.536351442337036133e-01
-2.571620345115661621e-01
-3.949165344238281250e-02
-2.603657960891723633e+00
-3.850795626640319824e-01
-1.880010485649108887e+00
-1.327687740325927734e+00
-1.055028796195983887e+00
-7.735234498977661133e-01
-2.460149049758911133e+00
-5.394765138626098633e-01
-2.186339378356933594e+00
-1.259291023015975952e-01
-2.339070558547973633e+00
-7.757669448852539062e+00
-1.527066379785537720e-01
-2.740782737731933594e+00
-2.618817567825317383e+00
-4.053648412227630615e-01
-1.462992578744888306e-01
-2.952986061573028564e-01
-3.147053480148315430e+00
-3.139144182205200195e-01
-7.060724496841430664e-01
-4.260416924953460693e-01
-1.182990789413452148e+00
-4.185332298278808594e+00
-1.432399034500122070e+00
-2.706060111522674561e-01
-4.023812413215637207e-01
-3.515397787094116211e+00
-2.031929194927215576e-01
-5.599124431610107422e+00
-4.201568603515625000e+00
-6.255906105041503906e+00
