-4.750646352767944336e-01
-5.078132748603820801e-01
-8.260584473609924316e-01
-2.404701471328735352e+00
-1.684962987899780273e+00
-3.472643494606018066e-01
-2.136304527521133423e-01
-3.074096143245697021e-01
-8.664216041564941406e+00
-1.571376681327819824e+00
-6.388620734214782715e-01
-4.915014207363128662e-01
-9.349379539489746094e-01
-5.383595824241638184e-01
-3.890171289443969727e+00
-1.345419168472290039e+00
-1.352364730834960938e+01
-1.118234515190124512e+00
-1.606885313987731934e+00
-4.711146831512451172e+00
-1.270467638969421387e+00
-1.189232110977172852e+00
-2.679637193679809570e+00
-3.333661317825317383e+00
-1.054286003112792969e+00
-5.113134384155273438e-01
-3.036840558052062988e-01
-1.090723633766174316e+00
-5.805840492248535156e-01
-9.005203247070312500e-01
-1.494001746177673340e+00
-5.147463798522949219e+00
-1.586023330688476562e+00
-1.285078644752502441e+00
-6.695683598518371582e-01
-4.740386486053466797e+00
-7.446300983428955078e-01
-1.723148822784423828e+00
-1.035433530807495117e+00
-2.216224431991577148e+00
-3.888846635818481445e+00
-6.019902825355529785e-01
-5.496845114976167679e-04
-4.989356696605682373e-01
-9.053681492805480957e-01
-4.514262199401855469e+00
-5.676112174987792969e-01
-4.090209007263183594e-01
-3.921046733856201172e+00
-1.649354219436645508e+00
1.399164944887161255e-01
-3.890918493270874023e-01
-3.976690053939819336e+00
-5.086457133293151855e-01
-5.014255046844482422e+00
-1.287956118583679199e+00
-4.952811717987060547e+00
-1.169445896148681641e+01
1.239959597587585449e+00
-6.984682679176330566e-01
-1.439613628387451172e+01
-1.595086812973022461e+00
-7.055508345365524292e-02
-1.847506284713745117e+00
-2.308545112609863281e+00
-9.134762287139892578e-01
-2.786072492599487305e+00
-3.574984550476074219e+00
-3.426089763641357422e+00
-8.156326413154602051e-01
-1.749333977699279785e+00
-2.251457929611206055e+00
-2.124486446380615234e+00
-2.378817081451416016e+00
-7.942996621131896973e-01
-2.409306526184082031e+00
-5.219804048538208008e-01
-1.159730553627014160e+00
-4.140433311462402344e+00
-6.386226508766412735e-03
-4.983144700527191162e-01
-7.510805726051330566e-01
-1.693427264690399170e-01
-1.442278027534484863e+00
-5.297655463218688965e-01
-5.539117813110351562e+00
-1.272220492362976074e+00
-7.976375818252563477e-01
-3.219034969806671143e-01
-5.230024814605712891e+00
-3.977168202400207520e-01
-1.057020068168640137e+00
-6.431564688682556152e-02
-3.545426368713378906e+00
-1.600726097822189331e-01
-9.411615133285522461e-01
-9.048740267753601074e-01
-3.262633224949240685e-03
-1.924317598342895508e+00
-7.965300232172012329e-03
