t_past = 0.1
learning_rate = 0.0001
init_state = [0, 0, 0]
max_eps = 5000
seed = 1
dt = 0.001
backend = 'nengo'
t_now = 0.005
mean_solved = -110
gamma = 0.9

solved = False
episodes = 5002
last_hundred_rewards = [-201, -201, -201, -14, -201, -201, -16, -11, -201, -3, -12, -17, -201, -4, -9, -201, -2, -6, -6, -7, -201, -10, -3, -201, -20, -7, -11, -1, -5, -201, -201, -201, -5, -201, -201, -201, -2, -201, -201, -1, -12, -201, -201, -11, -18, -201, -201, -201, -201, -201, -17, -8, -4, -201, -19, -1, -1, -17, -201, -2, -201, -201, -201, -3, -3, -201, -201, -201, -8, -201, -201, -3, -201, -3, -10, -201, -17, -21, -17, -2, -5, -16, -2, -11, -201, -201, -3, -201, -201, -201, -201, -9, -10, -201, -7, -18, -201, -201, -201, -7]
