t_past = 0.1
learning_rate = 0.0001
init_state = [0, 0, 0]
max_eps = 5000
seed = 1
dt = 0.001
backend = 'nengo'
t_now = 0.005
mean_solved = -110
gamma = 0.9

solved = False
episodes = 5002
last_hundred_rewards = [-51, -51, -4, -8, -12, -51, -4, -51, -7, -51, -16, -51, -6, -4, -51, -7, -19, -4, -51, -51, -51, -51, -51, -51, -3, -51, -51, -51, -6, -51, -1, -51, -51, -12, -51, -12, -3, -51, -17, -51, -51, -51, -16, -51, -51, -2, -51, -51, -4, -51, -16, -51, -51, -6, -51, -3, -6, -51, -51, -51, -51, -19, -51, -51, -51, -51, -5, -2, -51, -51, -5, -4, -51, -16, -51, -51, -51, -14, -2, -11, -51, -2, -51, -51, -51, -51, -51, -4, -13, -17, -12, -13, -51, -51, -51, -51, -51, -51, -8, -51]
