-8.682211488485336304e-02 -5.477596540004014969e-03 1.406209194101393223e-04 1.078758109360933304e-02
-2.099783904850482941e-02 -1.201788662001490593e-03 -4.341105371713638306e-02 6.350566446781158447e-02
5.771379545331001282e-02 1.940554082393646240e-01 1.252234727144241333e-01 2.463498115539550781e-01
2.634181827306747437e-02 -6.013031676411628723e-02 4.727503657341003418e-02 -6.212165206670761108e-02
-2.257896214723587036e-01 -3.603993058204650879e-01 -4.013334214687347412e-02 -2.826281487941741943e-01
9.531436115503311157e-02 -1.866060644388198853e-01 3.085518181324005127e-01 -9.196215867996215820e-02
-4.116507470607757568e-01 -4.703516066074371338e-01 -5.539332032203674316e-01 -5.688319206237792969e-01
2.294568270444869995e-01 2.277733683586120605e-01 2.293750494718551636e-01 2.287831902503967285e-01
3.395411372184753418e-01 1.171191185712814331e-01 4.047973752021789551e-01 5.807926133275032043e-02
-1.734952181577682495e-01 -1.974821090698242188e-01 -3.377532660961151123e-01 -4.217818975448608398e-01
6.358015537261962891e-02 4.151146858930587769e-02 1.384833157062530518e-01 -5.223852768540382385e-02
-1.416120380163192749e-01 2.089308109134435654e-03 -1.866060644388198853e-01 -4.411874338984489441e-02
2.956458739936351776e-02 -3.145485371351242065e-02 -1.758976466953754425e-02 -2.310227788984775543e-02
-6.372914463281631470e-02 -4.089689850807189941e-01 -8.860994875431060791e-02 -1.995679438114166260e-01
2.199791371822357178e-01 -1.474504638463258743e-02 -1.459326595067977905e-01 -1.044025644659996033e-01
-2.879916727542877197e-01 -4.139973223209381104e-02 5.319297313690185547e-03 4.121349751949310303e-02
-5.249925330281257629e-02 2.449903078377246857e-02 -6.790076941251754761e-02 -2.867066487669944763e-02
3.413661941885948181e-02 -1.822295784950256348e-02 1.639786921441555023e-02 -6.909267604351043701e-02
-8.155542612075805664e-01 -3.732121288776397705e-01 -7.297378182411193848e-01 -5.080453157424926758e-01
5.834699049592018127e-02 7.675152737647294998e-03 -9.223219938576221466e-03 5.887310486286878586e-03
-1.699195504188537598e-01 -2.001638710498809814e-01 -4.364850465208292007e-03 -6.058179587125778198e-02
-5.510592088103294373e-02 -2.259024605154991150e-02 -5.653727054595947266e-02 -2.376574836671352386e-02
-1.350566297769546509e-01 7.102950662374496460e-02 6.013483554124832153e-02 1.085741892457008362e-01
-7.694517076015472412e-02 3.862251341342926025e-02 5.444084107875823975e-02 -5.242084339261054993e-02
1.410160809755325317e-01 1.803672499954700470e-02 6.626191735267639160e-02 1.673308946192264557e-02
4.616731405258178711e-02 -4.300133883953094482e-02 -6.348237860947847366e-03 -4.195843264460563660e-02
-1.651282757520675659e-01 -1.649570018053054810e-01 -1.647868305444717407e-01 -1.644437760114669800e-01
-2.457538694143295288e-01 -2.838200032711029053e-01 3.625968098640441895e-02 -2.041865289211273193e-01
2.724969983100891113e-01 1.111069694161415100e-01 1.396751999855041504e-01 3.936512861400842667e-03
1.334177553653717041e-01 9.493258781731128693e-03 -6.128947809338569641e-02 -2.140522468835115433e-03
-8.592818677425384521e-02 3.830452859401702881e-01 2.344308793544769287e-01 7.213945388793945312e-01
2.027153037488460541e-02 -1.760279983282089233e-01 -1.751340776681900024e-01 -2.075573615729808807e-02
-6.358014792203903198e-02 -4.061755165457725525e-02 -1.520131900906562805e-02 -6.240688636898994446e-02
1.880959421396255493e-01 -2.602614834904670715e-02 1.377383768558502197e-01 1.989906094968318939e-02
-1.474225223064422607e-01 -1.238453462719917297e-01 -2.796483635902404785e-01 6.849671900272369385e-02
-5.946439132094383240e-02 2.674314677715301514e-01 4.629022479057312012e-01 -3.246051818132400513e-02
7.479607127606868744e-03 1.090863347053527832e-02 5.853322148323059082e-02 5.428709462285041809e-02
7.095500081777572632e-02 -1.076895929872989655e-02 -8.180311881005764008e-03 4.877458140254020691e-02
-5.480854958295822144e-02 -1.445917636156082153e-01 -1.378873586654663086e-01 9.404797852039337158e-02
4.579484835267066956e-02 4.322481900453567505e-02 6.886919587850570679e-02 4.166046157479286194e-02
-7.743593305349349976e-02 1.268716529011726379e-02 -2.286017499864101410e-02 3.871797025203704834e-02
6.315647158771753311e-03 -1.360995322465896606e-01 5.384479183703660965e-03 1.092446297407150269e-01
2.885875999927520752e-01 -7.050804048776626587e-02 2.113378942012786865e-01 -2.113378942012786865e-01
8.168205618858337402e-02 2.960369586944580078e-01 3.029089607298374176e-02 2.043913863599300385e-02
-4.683775082230567932e-02 8.987634629011154175e-02 -5.261099338531494141e-02 2.734840475022792816e-02
1.070843338966369629e-01 2.652897872030735016e-02 -1.086486950516700745e-01 -7.050804048776626587e-02
-3.287022933363914490e-02 6.380362808704376221e-02 -6.700685620307922363e-02 -5.607493966817855835e-02
-9.874106198549270630e-02 1.636062189936637878e-02 2.325126528739929199e-02 -7.646751403808593750e-02
-2.418243326246738434e-02 -1.245157867670059204e-01 -2.038885504007339478e-01 -1.380456611514091492e-02
6.463050842285156250e-01 2.724969983100891113e-01 1.426549404859542847e-01 -1.989207696169614792e-03
1.632468700408935547e-01 -1.592703908681869507e-01 1.678487509489059448e-01 -1.437753885984420776e-01
4.657702893018722534e-02 4.907255619764328003e-02 -6.961412727832794189e-02 4.993388894945383072e-03
-2.014200761914253235e-02 -1.725180260837078094e-02 -1.913967914879322052e-02 -2.496712096035480499e-02
-3.350342810153961182e-02 -8.667311817407608032e-02 -1.511751301586627960e-02 -6.648540496826171875e-02
-4.791790619492530823e-02 -9.530504234135150909e-03 2.330713719129562378e-02 -1.593228429555892944e-02
4.298271536827087402e-01 -2.278754413127899170e-01 1.444707252085208893e-02 1.621722429990768433e-01
3.927666693925857544e-02 9.255810081958770752e-02 4.992922767996788025e-02 -1.333316206000745296e-03
2.320595830678939819e-01 9.837105125188827515e-02 3.188819587230682373e-01 -1.279117818921804428e-02
3.723804354667663574e-01 4.047937691211700439e-01 3.746368885040283203e-01 4.012019336223602295e-01
-1.650961115956306458e-02 7.140196114778518677e-02 -1.163494493812322617e-02 -5.290897190570831299e-02
-1.005195919424295425e-02 -3.752607107162475586e-02 2.664071694016456604e-02 4.121349751949310303e-02
-2.701318450272083282e-02 6.114049255847930908e-02 -3.272124379873275757e-02 2.822370268404483795e-02
1.681728214025497437e-01 -1.547185182571411133e-01 2.944867312908172607e-02 -1.034175604581832886e-02
-2.471266090869903564e-01 -2.639210224151611328e-01 -2.535565495491027832e-01 -2.575157880783081055e-01
-8.160756528377532959e-02 -4.417461156845092773e-01 -1.145802251994609833e-02 -2.292163223028182983e-01
-1.664928495883941650e-01 -2.453069239854812622e-01 1.064138785004615784e-01 1.105110198259353638e-01
1.140122190117835999e-01 3.700461611151695251e-02 2.002942562103271484e-02 -1.199460821226239204e-03
-5.004097148776054382e-02 4.141369834542274475e-03 -1.747802458703517914e-02 5.942714214324951172e-02
-1.528512313961982727e-02 1.081900903955101967e-03 -1.619650516659021378e-03 1.138934982009232044e-03
-9.836859256029129028e-02 3.205080330371856689e-02 -1.512961834669113159e-01 -9.158968925476074219e-02
1.734765991568565369e-02 -8.478285744786262512e-03 -3.504974883981049061e-04 1.293858047574758530e-02
1.102875396609306335e-01 1.356525570154190063e-01 -4.795515164732933044e-02 6.140121817588806152e-02
3.090546838939189911e-02 -5.492028966546058655e-02 -4.090155474841594696e-03 2.768362686038017273e-02
-1.659370464039966464e-04 3.465807437896728516e-02 -1.430739741772413254e-02 2.492736838757991791e-02
-1.455622613430023193e-01 1.066598743200302124e-01 -2.864310517907142639e-02 2.102904170751571655e-01
2.386583760380744934e-02 -1.311829686164855957e-01 -2.548606880009174347e-02 1.014973223209381104e-01
4.281044937670230865e-03 -2.090472169220447540e-02 5.421260371804237366e-02 -1.729179173707962036e-02
6.778903603553771973e-01 8.864719867706298828e-01 7.613230347633361816e-01 9.818236231803894043e-01
6.872019916772842407e-02 1.959922462701797485e-01 1.758790165185928345e-01 4.866284132003784180e-02
5.784409642219543457e-01 5.457842946052551270e-01 5.902297496795654297e-01 5.401065349578857422e-01
5.598927736282348633e-01 2.990166842937469482e-01 5.670441389083862305e-01 2.674314677715301514e-01
7.080601900815963745e-02 2.070172727108001709e-01 4.750819131731987000e-02 6.812424957752227783e-02
-1.745530366897583008e+00 -2.091775894165039062e+00 -1.533372998237609863e+00 -2.032181024551391602e+00
3.327994793653488159e-02 3.383864462375640869e-02 -1.111069694161415100e-01 -2.325126528739929199e-02
3.931391611695289612e-02 -7.981972396373748779e-02 4.441671818494796753e-02 -1.022888068109750748e-02
-2.457538694143295288e-01 -8.659863471984863281e-02 -1.919137313961982727e-02 -2.241321466863155365e-02
-1.035831272602081299e-01 -1.796036809682846069e-01 -1.454856842756271362e-01 5.231301859021186829e-02
-1.004197224974632263e-01 5.557598173618316650e-02 -6.951459497213363647e-02 6.811800599098205566e-02
3.490762710571289062e-01 -1.038811057806015015e-01 5.002979636192321777e-01 -1.930125206708908081e-01
-3.180870115756988525e-01 1.440982613712549210e-02 -1.961971260607242584e-02 -4.542237892746925354e-02
5.674538388848304749e-02 2.135168388485908508e-02 -7.125297933816909790e-02 6.566596776247024536e-02
1.149061322212219238e-01 2.299053966999053955e-02 -2.601450541988015175e-03 -8.488527685403823853e-02
-2.023645490407943726e-01 -2.398092299699783325e-01 -2.033789753913879395e-01 -2.401280850172042847e-01
4.690759349614381790e-03 -1.163960024714469910e-01 1.423290371894836426e-02 -3.983071073889732361e-03
3.972363099455833435e-02 -9.851757436990737915e-02 4.760596901178359985e-03 -5.439883470535278320e-02
-4.922154545783996582e-02 -7.330620661377906799e-03 -1.465192995965480804e-02 6.310991477221250534e-03
6.166194751858711243e-02 -5.514842458069324493e-03 -2.543020062148571014e-02 -7.826467975974082947e-03
-6.343410015106201172e-01 -6.743398308753967285e-01 -6.359396576881408691e-01 -6.704714894294738770e-01
6.745380908250808716e-02 1.362484991550445557e-01 7.093172520399093628e-03 3.361516445875167847e-02
-8.632300496101379395e-01 -5.968414545059204102e-01 -4.282844960689544678e-01 -6.920501589775085449e-01
