-4.748212397098541260e-01
-5.074493885040283203e-01
-8.256853818893432617e-01
-2.407653570175170898e+00
-1.683551907539367676e+00
-3.469904661178588867e-01
-2.135727107524871826e-01
-3.119430840015411377e-01
-8.662693977355957031e+00
-1.570321917533874512e+00
-6.385578513145446777e-01
-4.912097752094268799e-01
-9.347437620162963867e-01
-5.378426909446716309e-01
-3.889153957366943359e+00
-1.346245527267456055e+00
-1.351609134674072266e+01
-1.117401719093322754e+00
-1.606078743934631348e+00
-4.712752819061279297e+00
-1.271156072616577148e+00
-1.181416630744934082e+00
-2.678188323974609375e+00
-3.331542015075683594e+00
-1.053039431571960449e+00
-5.110250711441040039e-01
-3.114152252674102783e-01
-1.089988112449645996e+00
-5.801549553871154785e-01
-9.001787900924682617e-01
-1.492848634719848633e+00
-5.146603107452392578e+00
-1.584624648094177246e+00
-1.284267067909240723e+00
-6.689511537551879883e-01
-4.736591339111328125e+00
-7.440405488014221191e-01
-1.721692562103271484e+00
-1.035161018371582031e+00
-2.215733051300048828e+00
-3.886770009994506836e+00
-6.019555330276489258e-01
-5.490981857292354107e-04
-4.986591339111328125e-01
-9.049463868141174316e-01
-4.512515068054199219e+00
-5.670441389083862305e-01
-4.086710512638092041e-01
-3.920143127441406250e+00
-1.648986935615539551e+00
1.422237604856491089e-01
-3.890047967433929443e-01
-3.958534479141235352e+00
-5.080453157424926758e-01
-5.013111114501953125e+00
-1.286650776863098145e+00
-4.951132774353027344e+00
-1.168533992767333984e+01
1.241583943367004395e+00
-6.981526017189025879e-01
-1.439332580566406250e+01
-1.594159722328186035e+00
-7.156535238027572632e-02
-1.845728039741516113e+00
-2.306317090988159180e+00
-9.132896661758422852e-01
-2.787842512130737305e+00
-3.572109699249267578e+00
-3.424314737319946289e+00
-8.149583339691162109e-01
-1.747914195060729980e+00
-2.249106168746948242e+00
-2.122765302658081055e+00
-2.377830982208251953e+00
-7.952383756637573242e-01
-2.408820152282714844e+00
-5.217521190643310547e-01
-1.159118056297302246e+00
-4.135876178741455078e+00
-9.304078295826911926e-03
-4.980631768703460693e-01
-7.505959868431091309e-01
-1.691746264696121216e-01
-1.441597223281860352e+00
-5.294994115829467773e-01
-5.537544727325439453e+00
-1.271156191825866699e+00
-7.970798611640930176e-01
-3.216626942157745361e-01
-5.232419490814208984e+00
-3.976460099220275879e-01
-1.056615114212036133e+00
-6.195337325334548950e-02
-3.543504238128662109e+00
-1.599374264478683472e-01
-9.407032728195190430e-01
-9.043504595756530762e-01
-1.213795738294720650e-03
-1.923122882843017578e+00
-7.646558806300163269e-03
