-4.214839339256286621e-01
1.994815826416015625e+00
-3.940703272819519043e-01
-3.574997663497924805e+00
-2.348778396844863892e-01
-3.550357818603515625e-01
-3.675506711006164551e-01
-4.078665256500244141e+00
2.085503816604614258e+00
-3.952622413635253906e-01
-3.581396579742431641e+00
-6.570321917533874512e-01
-5.312872529029846191e-01
1.205346703529357910e+00
-1.520262241363525391e+00
-5.585146322846412659e-02
-1.914779543876647949e+00
-1.494726061820983887e+00
-2.189511537551879883e+00
-1.877979785203933716e-01
-4.226758182048797607e-01
-1.709792733192443848e+00
3.900853395462036133e+00
-2.019517421722412109e-01
-4.128426611423492432e-01
-1.840800762176513672e+00
3.210723876953125000e+00
-3.934744000434875488e-01
-6.969606876373291016e-01
-2.425506591796875000e+00
-8.018474578857421875e-01
-2.787842750549316406e+00
-1.260429143905639648e+00
-2.223629355430603027e-01
-1.417610347270965576e-01
-1.042312383651733398e+00
-8.894517421722412109e-01
-2.704112231731414795e-01
-1.278307557106018066e+00
-2.460193634033203125e+00
-2.635578215122222900e-01
-2.930572330951690674e-01
-2.488826066255569458e-01
-1.556862831115722656e+01
-1.530989170074462891e+00
-2.769666314125061035e-01
-2.237038165330886841e-01
-1.071615219116210938e+01
-2.217669934034347534e-01
-1.904797405004501343e-01
-6.260429620742797852e-01
-3.350715339183807373e-01
-3.386174201965332031e+00
-2.311963289976119995e-01
-1.664481639862060547e+00
-5.080453157424926758e-01
-1.863081157207489014e-01
-4.007151603698730469e+00
-1.521901190280914307e-01
-2.899880886077880859e+00
-9.889005124568939209e-02
-7.137067317962646484e-01
1.666703104972839355e+00
6.184818595647811890e-02
-1.438021540641784668e+00
-6.534565091133117676e-01
-2.570024132728576660e-01
-3.946290537714958191e-02
-2.601907253265380859e+00
-3.848331570625305176e-01
-1.879022717475891113e+00
-1.327175259590148926e+00
-1.054231286048889160e+00
-7.732419967651367188e-01
-2.458879709243774414e+00
-5.390346050262451172e-01
-2.184743881225585938e+00
-1.258194297552108765e-01
-2.338728427886962891e+00
-7.763080120086669922e+00
-1.526370793581008911e-01
-2.740166902542114258e+00
-2.616209983825683594e+00
-4.050953686237335205e-01
-1.462306380271911621e-01
-2.951430380344390869e-01
-3.127958536148071289e+00
-3.136174082756042480e-01
-7.058998942375183105e-01
-4.259535372257232666e-01
-1.181764006614685059e+00
-4.183552265167236328e+00
-1.432062029838562012e+00
-2.704112231731414795e-01
-4.021156430244445801e-01
-3.512553691864013672e+00
-1.765640974044799805e-01
-5.606986522674560547e+00
-4.198065280914306641e+00
-6.248790264129638672e+00
